0x00000000: 00 00 00 00
0x00000004: 00 00 00 00
0x00000008: 00 00 00 00
0x0000000C: 00 00 00 00
0x00000010: 00 00 00 00
0x00000014: 00 00 00 00
0x00000018: 00 00 00 00
0x0000001C: 00 00 00 00
0x00000020: 00 00 00 00
0x00000024: 00 00 00 00
0x00000028: 00 00 00 00
0x0000002C: 00 00 00 00
0x00000030: 00 00 00 00
0x00000034: 00 00 00 00
0x00000038: 00 00 00 00
0x0000003C: 00 00 00 00
0x00000040: 00 00 00 00
0x00000044: 00 00 00 00
0x00000048: 00 00 00 00
0x0000004C: 00 00 00 00
0x00000050: 00 00 00 00
0x00000054: 00 00 00 00
0x00000058: 00 00 00 00
0x0000005C: 00 00 00 00
0x00000060: 00 00 00 00
0x00000064: 00 00 00 00
0x00000068: 00 00 00 00
0x0000006C: 00 00 00 00
0x00000070: 00 00 00 00
0x00000074: 00 00 00 00
0x00000078: 00 00 00 00
0x0000007C: 00 00 00 00
0x00000080: 00 00 00 00
0x00000084: 00 00 00 00
0x00000088: 00 00 00 00
0x0000008C: 00 00 00 00
0x00000090: 00 00 00 00
0x00000094: 00 00 00 00
0x00000098: 00 00 00 00
0x0000009C: 00 00 00 00
0x000000A0: 00 00 00 00
0x000000A4: 00 00 00 00
0x000000A8: 00 00 00 00
0x000000AC: 00 00 00 00
0x000000B0: 00 00 00 00
0x000000B4: 00 00 00 00
0x000000B8: 00 00 00 00
0x000000BC: 00 00 00 00
0x000000C0: 00 00 00 00
0x000000C4: 00 00 00 00
0x000000C8: 00 00 00 00
0x000000CC: 00 00 00 00
0x000000D0: 00 00 00 00
0x000000D4: 00 00 00 00
0x000000D8: 00 00 00 00
0x000000DC: 00 00 00 00
0x000000E0: 00 00 00 00
0x000000E4: 00 00 00 00
0x000000E8: 00 00 00 00
0x000000EC: 00 00 00 00
0x000000F0: 00 00 00 00
0x000000F4: 00 00 00 00
0x000000F8: 00 00 00 00
0x000000FC: 00 00 00 00
0x00000100: 00 00 00 00
0x00000104: 00 00 00 00
0x00000108: 00 00 00 00
0x0000010C: 00 00 00 00
0x00000110: 00 00 00 00
0x00000114: 00 00 00 00
0x00000118: 00 00 00 00
0x0000011C: 00 00 00 00
0x00000120: 00 00 00 00
0x00000124: 00 00 00 00
0x00000128: 00 00 00 00
0x0000012C: 00 00 00 00
0x00000130: 00 00 00 00
0x00000134: 00 00 00 00
0x00000138: 00 00 00 00
0x0000013C: 00 00 00 00
0x00000140: 00 00 00 00
0x00000144: 00 00 00 00
0x00000148: 00 00 00 00
0x0000014C: 00 00 00 00
0x00000150: 00 00 00 00
0x00000154: 00 00 00 00
0x00000158: 00 00 00 00
0x0000015C: 00 00 00 00
0x00000160: 00 00 00 00
0x00000164: 00 00 00 00
0x00000168: 00 00 00 00
0x0000016C: 00 00 00 00
0x00000170: 00 00 00 00
0x00000174: 00 00 00 00
0x00000178: 00 00 00 00
0x0000017C: 00 00 00 00
0x00000180: 00 00 00 00
0x00000184: 00 00 00 00
0x00000188: 00 00 00 00
0x0000018C: 00 00 00 00
0x00000190: 00 00 00 00
0x00000194: 00 00 00 00
0x00000198: 00 00 00 00
0x0000019C: 00 00 00 00
0x000001A0: 00 00 00 00
0x000001A4: 00 00 00 00
0x000001A8: 00 00 00 00
0x000001AC: 00 00 00 00
0x000001B0: 00 00 00 00
0x000001B4: 00 00 00 00
0x000001B8: 00 00 00 00
0x000001BC: 00 00 00 00
0x000001C0: 00 00 00 00
0x000001C4: 00 00 00 00
0x000001C8: 00 00 00 00
0x000001CC: 00 00 00 00
0x000001D0: 00 00 00 00
0x000001D4: 00 00 00 00
0x000001D8: 00 00 00 00
0x000001DC: 00 00 00 00
0x000001E0: 00 00 00 00
0x000001E4: 00 00 00 00
0x000001E8: 00 00 00 00
0x000001EC: 00 00 00 00
0x000001F0: 00 00 00 00
0x000001F4: 00 00 00 00
0x000001F8: 00 00 00 00
0x000001FC: 00 00 00 00
0x00000200: 00 00 00 00
0x00000204: 00 00 00 00
0x00000208: 00 00 00 00
0x0000020C: 00 00 00 00
0x00000210: 00 00 00 00
0x00000214: 00 00 00 00
0x00000218: 00 00 00 00
0x0000021C: 00 00 00 00
0x00000220: 00 00 00 00
0x00000224: 00 00 00 00
0x00000228: 00 00 00 00
0x0000022C: 00 00 00 00
0x00000230: 00 00 00 00
0x00000234: 00 00 00 00
0x00000238: 00 00 00 00
0x0000023C: 00 00 00 00
0x00000240: 00 00 00 00
0x00000244: 00 00 00 00
0x00000248: 00 00 00 00
0x0000024C: 00 00 00 00
0x00000250: 00 00 00 00
0x00000254: 00 00 00 00
0x00000258: 00 00 00 00
0x0000025C: 00 00 00 00
0x00000260: 00 00 00 00
0x00000264: 00 00 00 00
0x00000268: 00 00 00 00
0x0000026C: 00 00 00 00
0x00000270: 00 00 00 00
0x00000274: 00 00 00 00
0x00000278: 00 00 00 00
0x0000027C: 00 00 00 00
0x00000280: 00 00 00 00
0x00000284: 00 00 00 00
0x00000288: 00 00 00 00
0x0000028C: 00 00 00 00
0x00000290: 00 00 00 00
0x00000294: 00 00 00 00
0x00000298: 00 00 00 00
0x0000029C: 00 00 00 00
0x000002A0: 00 00 00 00
0x000002A4: 00 00 00 00
0x000002A8: 00 00 00 00
0x000002AC: 00 00 00 00
0x000002B0: 00 00 00 00
0x000002B4: 00 00 00 00
0x000002B8: 00 00 00 00
0x000002BC: 00 00 00 00
0x000002C0: 00 00 00 00
0x000002C4: 00 00 00 00
0x000002C8: 00 00 00 00
0x000002CC: 00 00 00 00
0x000002D0: 00 00 00 00
0x000002D4: 00 00 00 00
0x000002D8: 00 00 00 00
0x000002DC: 00 00 00 00
0x000002E0: 00 00 00 00
0x000002E4: 00 00 00 00
0x000002E8: 00 00 00 00
0x000002EC: 00 00 00 00
0x000002F0: 00 00 00 00
0x000002F4: 00 00 00 00
0x000002F8: 00 00 00 00
0x000002FC: 00 00 00 00
0x00000300: 00 00 00 00
0x00000304: 00 00 00 00
0x00000308: 00 00 00 00
0x0000030C: 00 00 00 00
0x00000310: 00 00 00 00
0x00000314: 00 00 00 00
0x00000318: 00 00 00 00
0x0000031C: 00 00 00 00
0x00000320: 00 00 00 00
0x00000324: 00 00 00 00
0x00000328: 00 00 00 00
0x0000032C: 00 00 00 00
0x00000330: 00 00 00 00
0x00000334: 00 00 00 00
0x00000338: 00 00 00 00
0x0000033C: 00 00 00 00
0x00000340: 00 00 00 00
0x00000344: 00 00 00 00
0x00000348: 00 00 00 00
0x0000034C: 00 00 00 00
0x00000350: 00 00 00 00
0x00000354: 00 00 00 00
0x00000358: 00 00 00 00
0x0000035C: 00 00 00 00
0x00000360: 00 00 00 00
0x00000364: 00 00 00 00
0x00000368: 00 00 00 00
0x0000036C: 00 00 00 00
0x00000370: 00 00 00 00
0x00000374: 00 00 00 00
0x00000378: 00 00 00 00
0x0000037C: 00 00 00 00
0x00000380: 00 00 00 00
0x00000384: 00 00 00 00
0x00000388: 00 00 00 00
0x0000038C: 00 00 00 00
0x00000390: 00 00 00 00
0x00000394: 00 00 00 00
0x00000398: 00 00 00 00
0x0000039C: 00 00 00 00
0x000003A0: 00 00 00 00
0x000003A4: 00 00 00 00
0x000003A8: 00 00 00 00
0x000003AC: 00 00 00 00
0x000003B0: 00 00 00 00
0x000003B4: 00 00 00 00
0x000003B8: 00 00 00 00
0x000003BC: 00 00 00 00
0x000003C0: 00 00 00 00
0x000003C4: 00 00 00 00
0x000003C8: 00 00 00 00
0x000003CC: 00 00 00 00
0x000003D0: 00 00 00 00
0x000003D4: 00 00 00 00
0x000003D8: 00 00 00 00
0x000003DC: 00 00 00 00
0x000003E0: 00 00 00 00
0x000003E4: 00 00 00 00
0x000003E8: 00 00 00 00
0x000003EC: 00 00 00 00
0x000003F0: 00 00 00 00
0x000003F4: 00 00 00 00
0x000003F8: 00 00 00 00
0x000003FC: 00 00 00 00
0x00000400: 00 00 00 00
0x00000404: 00 00 00 00
0x00000408: 00 00 00 00
0x0000040C: 00 00 00 00
0x00000410: 00 00 00 00
0x00000414: 00 00 00 00
0x00000418: 00 00 00 00
0x0000041C: 00 00 00 00
0x00000420: 00 00 00 00
0x00000424: 00 00 00 00
0x00000428: 00 00 00 00
0x0000042C: 00 00 00 00
0x00000430: 00 00 00 00
0x00000434: 00 00 00 00
0x00000438: 00 00 00 00
0x0000043C: 00 00 00 00
0x00000440: 00 00 00 00
0x00000444: 00 00 00 00
0x00000448: 00 00 00 00
0x0000044C: 00 00 00 00
0x00000450: 00 00 00 00
0x00000454: 00 00 00 00
0x00000458: 00 00 00 00
0x0000045C: 00 00 00 00
0x00000460: 00 00 00 00
0x00000464: 00 00 00 00
0x00000468: 00 00 00 00
0x0000046C: 00 00 00 00
0x00000470: 00 00 00 00
0x00000474: 00 00 00 00
0x00000478: 00 00 00 00
0x0000047C: 00 00 00 00
0x00000480: 00 00 00 00
0x00000484: 00 00 00 00
0x00000488: 00 00 00 00
0x0000048C: 00 00 00 00
0x00000490: 00 00 00 00
0x00000494: 00 00 00 00
0x00000498: 00 00 00 00
0x0000049C: 00 00 00 00
0x000004A0: 00 00 00 00
0x000004A4: 00 00 00 00
0x000004A8: 00 00 00 00
0x000004AC: 00 00 00 00
0x000004B0: 00 00 00 00
0x000004B4: 00 00 00 00
0x000004B8: 00 00 00 00
0x000004BC: 00 00 00 00
0x000004C0: 00 00 00 00
0x000004C4: 00 00 00 00
0x000004C8: 00 00 00 00
0x000004CC: 00 00 00 00
0x000004D0: 00 00 00 00
0x000004D4: 00 00 00 00
0x000004D8: 00 00 00 00
0x000004DC: 00 00 00 00
0x000004E0: 00 00 00 00
0x000004E4: 00 00 00 00
0x000004E8: 00 00 00 00
0x000004EC: 00 00 00 00
0x000004F0: 00 00 00 00
0x000004F4: 00 00 00 00
0x000004F8: 00 00 00 00
0x000004FC: 00 00 00 00
0x00000500: 00 00 00 00
0x00000504: 00 00 00 00
0x00000508: 00 00 00 00
0x0000050C: 00 00 00 00
0x00000510: 00 00 00 00
0x00000514: 00 00 00 00
0x00000518: 00 00 00 00
0x0000051C: 00 00 00 00
0x00000520: 00 00 00 00
0x00000524: 00 00 00 00
0x00000528: 00 00 00 00
0x0000052C: 00 00 00 00
0x00000530: 00 00 00 00
0x00000534: 00 00 00 00
0x00000538: 00 00 00 00
0x0000053C: 00 00 00 00
0x00000540: 00 00 00 00
0x00000544: 00 00 00 00
0x00000548: 00 00 00 00
0x0000054C: 00 00 00 00
0x00000550: 00 00 00 00
0x00000554: 00 00 00 00
0x00000558: 00 00 00 00
0x0000055C: 00 00 00 00
0x00000560: 00 00 00 00
0x00000564: 00 00 00 00
0x00000568: 00 00 00 00
0x0000056C: 00 00 00 00
0x00000570: 00 00 00 00
0x00000574: 00 00 00 00
0x00000578: 00 00 00 00
0x0000057C: 00 00 00 00
0x00000580: 00 00 00 00
0x00000584: 00 00 00 00
0x00000588: 00 00 00 00
0x0000058C: 00 00 00 00
0x00000590: 00 00 00 00
0x00000594: 00 00 00 00
0x00000598: 00 00 00 00
0x0000059C: 00 00 00 00
0x000005A0: 00 00 00 00
0x000005A4: 00 00 00 00
0x000005A8: 00 00 00 00
0x000005AC: 00 00 00 00
0x000005B0: 00 00 00 00
0x000005B4: 00 00 00 00
0x000005B8: 00 00 00 00
0x000005BC: 00 00 00 00
0x000005C0: 00 00 00 00
0x000005C4: 00 00 00 00
0x000005C8: 00 00 00 00
0x000005CC: 00 00 00 00
0x000005D0: 00 00 00 00
0x000005D4: 00 00 00 00
0x000005D8: 00 00 00 00
0x000005DC: 00 00 00 00
0x000005E0: 00 00 00 00
0x000005E4: 00 00 00 00
0x000005E8: 00 00 00 00
0x000005EC: 00 00 00 00
0x000005F0: 00 00 00 00
0x000005F4: 00 00 00 00
0x000005F8: 00 00 00 00
0x000005FC: 00 00 00 00
0x00000600: 00 00 00 00
0x00000604: 00 00 00 00
0x00000608: 00 00 00 00
0x0000060C: 00 00 00 00
0x00000610: 00 00 00 00
0x00000614: 00 00 00 00
0x00000618: 00 00 00 00
0x0000061C: 00 00 00 00
0x00000620: 00 00 00 00
0x00000624: 00 00 00 00
0x00000628: 00 00 00 00
0x0000062C: 00 00 00 00
0x00000630: 00 00 00 00
0x00000634: 00 00 00 00
0x00000638: 00 00 00 00
0x0000063C: 00 00 00 00
0x00000640: 00 00 00 00
0x00000644: 00 00 00 00
0x00000648: 00 00 00 00
0x0000064C: 00 00 00 00
0x00000650: 00 00 00 00
0x00000654: 00 00 00 00
0x00000658: 00 00 00 00
0x0000065C: 00 00 00 00
0x00000660: 00 00 00 00
0x00000664: 00 00 00 00
0x00000668: 00 00 00 00
0x0000066C: 00 00 00 00
0x00000670: 00 00 00 00
0x00000674: 00 00 00 00
0x00000678: 00 00 00 00
0x0000067C: 00 00 00 00
0x00000680: 00 00 00 00
0x00000684: 00 00 00 00
0x00000688: 00 00 00 00
0x0000068C: 00 00 00 00
0x00000690: 00 00 00 00
0x00000694: 00 00 00 00
0x00000698: 00 00 00 00
0x0000069C: 00 00 00 00
0x000006A0: 00 00 00 00
0x000006A4: 00 00 00 00
0x000006A8: 00 00 00 00
0x000006AC: 00 00 00 00
0x000006B0: 00 00 00 00
0x000006B4: 00 00 00 00
0x000006B8: 00 00 00 00
0x000006BC: 00 00 00 00
0x000006C0: 00 00 00 00
0x000006C4: 00 00 00 00
0x000006C8: 00 00 00 00
0x000006CC: 00 00 00 00
0x000006D0: 00 00 00 00
0x000006D4: 00 00 00 00
0x000006D8: 00 00 00 00
0x000006DC: 00 00 00 00
0x000006E0: 00 00 00 00
0x000006E4: 00 00 00 00
0x000006E8: 00 00 00 00
0x000006EC: 00 00 00 00
0x000006F0: 00 00 00 00
0x000006F4: 00 00 00 00
0x000006F8: 00 00 00 00
0x000006FC: 00 00 00 00
0x00000700: 00 00 00 00
0x00000704: 00 00 00 00
0x00000708: 00 00 00 00
0x0000070C: 00 00 00 00
0x00000710: 00 00 00 00
0x00000714: 00 00 00 00
0x00000718: 00 00 00 00
0x0000071C: 00 00 00 00
0x00000720: 00 00 00 00
0x00000724: 00 00 00 00
0x00000728: 00 00 00 00
0x0000072C: 00 00 00 00
0x00000730: 00 00 00 00
0x00000734: 00 00 00 00
0x00000738: 00 00 00 00
0x0000073C: 00 00 00 00
0x00000740: 00 00 00 00
0x00000744: 00 00 00 00
0x00000748: 00 00 00 00
0x0000074C: 00 00 00 00
0x00000750: 00 00 00 00
0x00000754: 00 00 00 00
0x00000758: 00 00 00 00
0x0000075C: 00 00 00 00
0x00000760: 00 00 00 00
0x00000764: 00 00 00 00
0x00000768: 00 00 00 00
0x0000076C: 00 00 00 00
0x00000770: 00 00 00 00
0x00000774: 00 00 00 00
0x00000778: 00 00 00 00
0x0000077C: 00 00 00 00
0x00000780: 00 00 00 00
0x00000784: 00 00 00 00
0x00000788: 00 00 00 00
0x0000078C: 00 00 00 00
0x00000790: 00 00 00 00
0x00000794: 00 00 00 00
0x00000798: 00 00 00 00
0x0000079C: 00 00 00 00
0x000007A0: 00 00 00 00
0x000007A4: 00 00 00 00
0x000007A8: 00 00 00 00
0x000007AC: 00 00 00 00
0x000007B0: 00 00 00 00
0x000007B4: 00 00 00 00
0x000007B8: 00 00 00 00
0x000007BC: 00 00 00 00
0x000007C0: 00 00 00 00
0x000007C4: 00 00 00 00
0x000007C8: 00 00 00 00
0x000007CC: 00 00 00 00
0x000007D0: 00 00 00 00
0x000007D4: 00 00 00 00
0x000007D8: 00 00 00 00
0x000007DC: 00 00 00 00
0x000007E0: 00 00 00 00
0x000007E4: 00 00 00 00
0x000007E8: 00 00 00 00
0x000007EC: 00 00 00 00
0x000007F0: 00 00 00 00
0x000007F4: 00 00 00 00
0x000007F8: 00 00 00 00
0x000007FC: 00 00 00 00
0x00000800: 00 00 00 00
0x00000804: 00 00 00 00
0x00000808: 00 00 00 00
0x0000080C: 00 00 00 00
0x00000810: 00 00 00 00
0x00000814: 00 00 00 00
0x00000818: 00 00 00 00
0x0000081C: 00 00 00 00
0x00000820: 00 00 00 00
0x00000824: 00 00 00 00
0x00000828: 00 00 00 00
0x0000082C: 00 00 00 00
0x00000830: 00 00 00 00
0x00000834: 00 00 00 00
0x00000838: 00 00 00 00
0x0000083C: 00 00 00 00
0x00000840: 00 00 00 00
0x00000844: 00 00 00 00
0x00000848: 00 00 00 00
0x0000084C: 00 00 00 00
0x00000850: 00 00 00 00
0x00000854: 00 00 00 00
0x00000858: 00 00 00 00
0x0000085C: 00 00 00 00
0x00000860: 00 00 00 00
0x00000864: 00 00 00 00
0x00000868: 00 00 00 00
0x0000086C: 00 00 00 00
0x00000870: 00 00 00 00
0x00000874: 00 00 00 00
0x00000878: 00 00 00 00
0x0000087C: 00 00 00 00
0x00000880: 00 00 00 00
0x00000884: 00 00 00 00
0x00000888: 00 00 00 00
0x0000088C: 00 00 00 00
0x00000890: 00 00 00 00
0x00000894: 00 00 00 00
0x00000898: 00 00 00 00
0x0000089C: 00 00 00 00
0x000008A0: 00 00 00 00
0x000008A4: 00 00 00 00
0x000008A8: 00 00 00 00
0x000008AC: 00 00 00 00
0x000008B0: 00 00 00 00
0x000008B4: 00 00 00 00
0x000008B8: 00 00 00 00
0x000008BC: 00 00 00 00
0x000008C0: 00 00 00 00
0x000008C4: 00 00 00 00
0x000008C8: 00 00 00 00
0x000008CC: 00 00 00 00
0x000008D0: 00 00 00 00
0x000008D4: 00 00 00 00
0x000008D8: 00 00 00 00
0x000008DC: 00 00 00 00
0x000008E0: 00 00 00 00
0x000008E4: 00 00 00 00
0x000008E8: 00 00 00 00
0x000008EC: 00 00 00 00
0x000008F0: 00 00 00 00
0x000008F4: 00 00 00 00
0x000008F8: 00 00 00 00
0x000008FC: 00 00 00 00
0x00000900: 00 00 00 00
0x00000904: 00 00 00 00
0x00000908: 00 00 00 00
0x0000090C: 00 00 00 00
0x00000910: 00 00 00 00
0x00000914: 00 00 00 00
0x00000918: 00 00 00 00
0x0000091C: 00 00 00 00
0x00000920: 00 00 00 00
0x00000924: 00 00 00 00
0x00000928: 00 00 00 00
0x0000092C: 00 00 00 00
0x00000930: 00 00 00 00
0x00000934: 00 00 00 00
0x00000938: 00 00 00 00
0x0000093C: 00 00 00 00
0x00000940: 00 00 00 00
0x00000944: 00 00 00 00
0x00000948: 00 00 00 00
0x0000094C: 00 00 00 00
0x00000950: 00 00 00 00
0x00000954: 00 00 00 00
0x00000958: 00 00 00 00
0x0000095C: 00 00 00 00
0x00000960: 00 00 00 00
0x00000964: 00 00 00 00
0x00000968: 00 00 00 00
0x0000096C: 00 00 00 00
0x00000970: 00 00 00 00
0x00000974: 00 00 00 00
0x00000978: 00 00 00 00
0x0000097C: 00 00 00 00
0x00000980: 00 00 00 00
0x00000984: 00 00 00 00
0x00000988: 00 00 00 00
0x0000098C: 00 00 00 00
0x00000990: 00 00 00 00
0x00000994: 00 00 00 00
0x00000998: 00 00 00 00
0x0000099C: 00 00 00 00
0x000009A0: 00 00 00 00
0x000009A4: 00 00 00 00
0x000009A8: 00 00 00 00
0x000009AC: 00 00 00 00
0x000009B0: 00 00 00 00
0x000009B4: 00 00 00 00
0x000009B8: 00 00 00 00
0x000009BC: 00 00 00 00
0x000009C0: 00 00 00 00
0x000009C4: 00 00 00 00
0x000009C8: 00 00 00 00
0x000009CC: 00 00 00 00
0x000009D0: 00 00 00 00
0x000009D4: 00 00 00 00
0x000009D8: 00 00 00 00
0x000009DC: 00 00 00 00
0x000009E0: 00 00 00 00
0x000009E4: 00 00 00 00
0x000009E8: 00 00 00 00
0x000009EC: 00 00 00 00
0x000009F0: 00 00 00 00
0x000009F4: 00 00 00 00
0x000009F8: 00 00 00 00
0x000009FC: 00 00 00 00
0x00000A00: 00 00 00 00
0x00000A04: 00 00 00 00
0x00000A08: 00 00 00 00
0x00000A0C: 00 00 00 00
0x00000A10: 00 00 00 00
0x00000A14: 00 00 00 00
0x00000A18: 00 00 00 00
0x00000A1C: 00 00 00 00
0x00000A20: 00 00 00 00
0x00000A24: 00 00 00 00
0x00000A28: 00 00 00 00
0x00000A2C: 00 00 00 00
0x00000A30: 00 00 00 00
0x00000A34: 00 00 00 00
0x00000A38: 00 00 00 00
0x00000A3C: 00 00 00 00
0x00000A40: 00 00 00 00
0x00000A44: 00 00 00 00
0x00000A48: 00 00 00 00
0x00000A4C: 00 00 00 00
0x00000A50: 00 00 00 00
0x00000A54: 00 00 00 00
0x00000A58: 00 00 00 00
0x00000A5C: 00 00 00 00
0x00000A60: 00 00 00 00
0x00000A64: 00 00 00 00
0x00000A68: 00 00 00 00
0x00000A6C: 00 00 00 00
0x00000A70: 00 00 00 00
0x00000A74: 00 00 00 00
0x00000A78: 00 00 00 00
0x00000A7C: 00 00 00 00
0x00000A80: 00 00 00 00
0x00000A84: 00 00 00 00
0x00000A88: 00 00 00 00
0x00000A8C: 00 00 00 00
0x00000A90: 00 00 00 00
0x00000A94: 00 00 00 00
0x00000A98: 00 00 00 00
0x00000A9C: 00 00 00 00
0x00000AA0: 00 00 00 00
0x00000AA4: 00 00 00 00
0x00000AA8: 00 00 00 00
0x00000AAC: 00 00 00 00
0x00000AB0: 00 00 00 00
0x00000AB4: 00 00 00 00
0x00000AB8: 00 00 00 00
0x00000ABC: 00 00 00 00
0x00000AC0: 00 00 00 00
0x00000AC4: 00 00 00 00
0x00000AC8: 00 00 00 00
0x00000ACC: 00 00 00 00
0x00000AD0: 00 00 00 00
0x00000AD4: 00 00 00 00
0x00000AD8: 00 00 00 00
0x00000ADC: 00 00 00 00
0x00000AE0: 00 00 00 00
0x00000AE4: 00 00 00 00
0x00000AE8: 00 00 00 00
0x00000AEC: 00 00 00 00
0x00000AF0: 00 00 00 00
0x00000AF4: 00 00 00 00
0x00000AF8: 00 00 00 00
0x00000AFC: 00 00 00 00
0x00000B00: 00 00 00 00
0x00000B04: 00 00 00 00
0x00000B08: 00 00 00 00
0x00000B0C: 00 00 00 00
0x00000B10: 00 00 00 00
0x00000B14: 00 00 00 00
0x00000B18: 00 00 00 00
0x00000B1C: 00 00 00 00
0x00000B20: 00 00 00 00
0x00000B24: 00 00 00 00
0x00000B28: 00 00 00 00
0x00000B2C: 00 00 00 00
0x00000B30: 00 00 00 00
0x00000B34: 00 00 00 00
0x00000B38: 00 00 00 00
0x00000B3C: 00 00 00 00
0x00000B40: 00 00 00 00
0x00000B44: 00 00 00 00
0x00000B48: 00 00 00 00
0x00000B4C: 00 00 00 00
0x00000B50: 00 00 00 00
0x00000B54: 00 00 00 00
0x00000B58: 00 00 00 00
0x00000B5C: 00 00 00 00
0x00000B60: 00 00 00 00
0x00000B64: 00 00 00 00
0x00000B68: 00 00 00 00
0x00000B6C: 00 00 00 00
0x00000B70: 00 00 00 00
0x00000B74: 00 00 00 00
0x00000B78: 00 00 00 00
0x00000B7C: 00 00 00 00
0x00000B80: 00 00 00 00
0x00000B84: 00 00 00 00
0x00000B88: 00 00 00 00
0x00000B8C: 00 00 00 00
0x00000B90: 00 00 00 00
0x00000B94: 00 00 00 00
0x00000B98: 00 00 00 00
0x00000B9C: 00 00 00 00
0x00000BA0: 00 00 00 00
0x00000BA4: 00 00 00 00
0x00000BA8: 00 00 00 00
0x00000BAC: 00 00 00 00
0x00000BB0: 00 00 00 00
0x00000BB4: 00 00 00 00
0x00000BB8: 00 00 00 00
0x00000BBC: 00 00 00 00
0x00000BC0: 00 00 00 00
0x00000BC4: 00 00 00 00
0x00000BC8: 00 00 00 00
0x00000BCC: 00 00 00 00
0x00000BD0: 00 00 00 00
0x00000BD4: 00 00 00 00
0x00000BD8: 00 00 00 00
0x00000BDC: 00 00 00 00
0x00000BE0: 00 00 00 00
0x00000BE4: 00 00 00 00
0x00000BE8: 00 00 00 00
0x00000BEC: 00 00 00 00
0x00000BF0: 00 00 00 00
0x00000BF4: 00 00 00 00
0x00000BF8: 00 00 00 00
0x00000BFC: 00 00 00 00
0x00000C00: 00 00 00 00
0x00000C04: 00 00 00 00
0x00000C08: 00 00 00 00
0x00000C0C: 00 00 00 00
0x00000C10: 00 00 00 00
0x00000C14: 00 00 00 00
0x00000C18: 00 00 00 00
0x00000C1C: 00 00 00 00
0x00000C20: 00 00 00 00
0x00000C24: 00 00 00 00
0x00000C28: 00 00 00 00
0x00000C2C: 00 00 00 00
0x00000C30: 00 00 00 00
0x00000C34: 00 00 00 00
0x00000C38: 00 00 00 00
0x00000C3C: 00 00 00 00
0x00000C40: 00 00 00 00
0x00000C44: 00 00 00 00
0x00000C48: 00 00 00 00
0x00000C4C: 00 00 00 00
0x00000C50: 00 00 00 00
0x00000C54: 00 00 00 00
0x00000C58: 00 00 00 00
0x00000C5C: 00 00 00 00
0x00000C60: 00 00 00 00
0x00000C64: 00 00 00 00
0x00000C68: 00 00 00 00
0x00000C6C: 00 00 00 00
0x00000C70: 00 00 00 00
0x00000C74: 00 00 00 00
0x00000C78: 00 00 00 00
0x00000C7C: 00 00 00 00
0x00000C80: 00 00 00 00
0x00000C84: 00 00 00 00
0x00000C88: 00 00 00 00
0x00000C8C: 00 00 00 00
0x00000C90: 00 00 00 00
0x00000C94: 00 00 00 00
0x00000C98: 00 00 00 00
0x00000C9C: 00 00 00 00
0x00000CA0: 00 00 00 00
0x00000CA4: 00 00 00 00
0x00000CA8: 00 00 00 00
0x00000CAC: 00 00 00 00
0x00000CB0: 00 00 00 00
0x00000CB4: 00 00 00 00
0x00000CB8: 00 00 00 00
0x00000CBC: 00 00 00 00
0x00000CC0: 00 00 00 00
0x00000CC4: 00 00 00 00
0x00000CC8: 00 00 00 00
0x00000CCC: 00 00 00 00
0x00000CD0: 00 00 00 00
0x00000CD4: 00 00 00 00
0x00000CD8: 00 00 00 00
0x00000CDC: 00 00 00 00
0x00000CE0: 00 00 00 00
0x00000CE4: 00 00 00 00
0x00000CE8: 00 00 00 00
0x00000CEC: 00 00 00 00
0x00000CF0: 00 00 00 00
0x00000CF4: 00 00 00 00
0x00000CF8: 00 00 00 00
0x00000CFC: 00 00 00 00
0x00000D00: 00 00 00 00
0x00000D04: 00 00 00 00
0x00000D08: 00 00 00 00
0x00000D0C: 00 00 00 00
0x00000D10: 00 00 00 00
0x00000D14: 00 00 00 00
0x00000D18: 00 00 00 00
0x00000D1C: 00 00 00 00
0x00000D20: 00 00 00 00
0x00000D24: 00 00 00 00
0x00000D28: 00 00 00 00
0x00000D2C: 00 00 00 00
0x00000D30: 00 00 00 00
0x00000D34: 00 00 00 00
0x00000D38: 00 00 00 00
0x00000D3C: 00 00 00 00
0x00000D40: 00 00 00 00
0x00000D44: 00 00 00 00
0x00000D48: 00 00 00 00
0x00000D4C: 00 00 00 00
0x00000D50: 00 00 00 00
0x00000D54: 00 00 00 00
0x00000D58: 00 00 00 00
0x00000D5C: 00 00 00 00
0x00000D60: 00 00 00 00
0x00000D64: 00 00 00 00
0x00000D68: 00 00 00 00
0x00000D6C: 00 00 00 00
0x00000D70: 00 00 00 00
0x00000D74: 00 00 00 00
0x00000D78: 00 00 00 00
0x00000D7C: 00 00 00 00
0x00000D80: 00 00 00 00
0x00000D84: 00 00 00 00
0x00000D88: 00 00 00 00
0x00000D8C: 00 00 00 00
0x00000D90: 00 00 00 00
0x00000D94: 00 00 00 00
0x00000D98: 00 00 00 00
0x00000D9C: 00 00 00 00
0x00000DA0: 00 00 00 00
0x00000DA4: 00 00 00 00
0x00000DA8: 00 00 00 00
0x00000DAC: 00 00 00 00
0x00000DB0: 00 00 00 00
0x00000DB4: 00 00 00 00
0x00000DB8: 00 00 00 00
0x00000DBC: 00 00 00 00
0x00000DC0: 00 00 00 00
0x00000DC4: 00 00 00 00
0x00000DC8: 00 00 00 00
0x00000DCC: 00 00 00 00
0x00000DD0: 00 00 00 00
0x00000DD4: 00 00 00 00
0x00000DD8: 00 00 00 00
0x00000DDC: 00 00 00 00
0x00000DE0: 00 00 00 00
0x00000DE4: 00 00 00 00
0x00000DE8: 00 00 00 00
0x00000DEC: 00 00 00 00
0x00000DF0: 00 00 00 00
0x00000DF4: 00 00 00 00
0x00000DF8: 00 00 00 00
0x00000DFC: 00 00 00 00
0x00000E00: 00 00 00 00
0x00000E04: 00 00 00 00
0x00000E08: 00 00 00 00
0x00000E0C: 00 00 00 00
0x00000E10: 00 00 00 00
0x00000E14: 00 00 00 00
0x00000E18: 00 00 00 00
0x00000E1C: 00 00 00 00
0x00000E20: 00 00 00 00
0x00000E24: 00 00 00 00
0x00000E28: 00 00 00 00
0x00000E2C: 00 00 00 00
0x00000E30: 00 00 00 00
0x00000E34: 00 00 00 00
0x00000E38: 00 00 00 00
0x00000E3C: 00 00 00 00
0x00000E40: 00 00 00 00
0x00000E44: 00 00 00 00
0x00000E48: 00 00 00 00
0x00000E4C: 00 00 00 00
0x00000E50: 00 00 00 00
0x00000E54: 00 00 00 00
0x00000E58: 00 00 00 00
0x00000E5C: 00 00 00 00
0x00000E60: 00 00 00 00
0x00000E64: 00 00 00 00
0x00000E68: 00 00 00 00
0x00000E6C: 00 00 00 00
0x00000E70: 00 00 00 00
0x00000E74: 00 00 00 00
0x00000E78: 00 00 00 00
0x00000E7C: 00 00 00 00
0x00000E80: 00 00 00 00
0x00000E84: 00 00 00 00
0x00000E88: 00 00 00 00
0x00000E8C: 00 00 00 00
0x00000E90: 00 00 00 00
0x00000E94: 00 00 00 00
0x00000E98: 00 00 00 00
0x00000E9C: 00 00 00 00
0x00000EA0: 00 00 00 00
0x00000EA4: 00 00 00 00
0x00000EA8: 00 00 00 00
0x00000EAC: 00 00 00 00
0x00000EB0: 00 00 00 00
0x00000EB4: 00 00 00 00
0x00000EB8: 00 00 00 00
0x00000EBC: 00 00 00 00
0x00000EC0: 00 00 00 00
0x00000EC4: 00 00 00 00
0x00000EC8: 00 00 00 00
0x00000ECC: 00 00 00 00
0x00000ED0: 00 00 00 00
0x00000ED4: 00 00 00 00
0x00000ED8: 00 00 00 00
0x00000EDC: 00 00 00 00
0x00000EE0: 00 00 00 00
0x00000EE4: 00 00 00 00
0x00000EE8: 00 00 00 00
0x00000EEC: 00 00 00 00
0x00000EF0: 00 00 00 00
0x00000EF4: 00 00 00 00
0x00000EF8: 00 00 00 00
0x00000EFC: 00 00 00 00
0x00000F00: 00 00 00 00
0x00000F04: 00 00 00 00
0x00000F08: 00 00 00 00
0x00000F0C: 00 00 00 00
0x00000F10: 00 00 00 00
0x00000F14: 00 00 00 00
0x00000F18: 00 00 00 00
0x00000F1C: 00 00 00 00
0x00000F20: 00 00 00 00
0x00000F24: 00 00 00 00
0x00000F28: 00 00 00 00
0x00000F2C: 00 00 00 00
0x00000F30: 00 00 00 00
0x00000F34: 00 00 00 00
0x00000F38: 00 00 00 00
0x00000F3C: 00 00 00 00
0x00000F40: 00 00 00 00
0x00000F44: 00 00 00 00
0x00000F48: 00 00 00 00
0x00000F4C: 00 00 00 00
0x00000F50: 00 00 00 00
0x00000F54: 00 00 00 00
0x00000F58: 00 00 00 00
0x00000F5C: 00 00 00 00
0x00000F60: 00 00 00 00
0x00000F64: 00 00 00 00
0x00000F68: 00 00 00 00
0x00000F6C: 00 00 00 00
0x00000F70: 00 00 00 00
0x00000F74: 00 00 00 00
0x00000F78: 00 00 00 00
0x00000F7C: 00 00 00 00
0x00000F80: 00 00 00 00
0x00000F84: 00 00 00 00
0x00000F88: 00 00 00 00
0x00000F8C: 00 00 00 00
0x00000F90: 00 00 00 00
0x00000F94: 00 00 00 00
0x00000F98: 00 00 00 00
0x00000F9C: 00 00 00 00
0x00000FA0: 00 00 00 00
0x00000FA4: 00 00 00 00
0x00000FA8: 00 00 00 00
0x00000FAC: 00 00 00 00
0x00000FB0: 00 00 00 00
0x00000FB4: 00 00 00 00
0x00000FB8: 00 00 00 00
0x00000FBC: 00 00 00 00
0x00000FC0: 00 00 00 00
0x00000FC4: 00 00 00 00
0x00000FC8: 00 00 00 00
0x00000FCC: 00 00 00 00
0x00000FD0: 00 00 00 00
0x00000FD4: 00 00 00 00
0x00000FD8: 00 00 00 00
0x00000FDC: 00 00 00 00
0x00000FE0: 00 00 00 00
0x00000FE4: 00 00 00 00
0x00000FE8: 00 00 00 00
0x00000FEC: 00 00 00 00
0x00000FF0: 00 00 00 00
0x00000FF4: 00 00 00 00
0x00000FF8: 00 00 00 00
0x00000FFC: 00 00 00 00
